174.4983 107.4144 -97.69344
158.7192 79.97281 -117.5043
168.0444 110.1778 -99.31641
144.9482 87.99779 -137.3142
166.3236 74.40686 -107.8857
175.5087 99.8719 -99.86106
164.8515 93.48606 -113.2417
153.2676 81.37508 -128.933
161.3115 110.6188 -110.2412
173.9041 94.06102 -102.5742
166.8121 80.90829 -108.4138
153.9127 87.62045 -129.1155
147.9491 100.1485 -134.3278
154.7456 106.2816 -122.9938
161.4784 87.44365 -118.2231
156.7008 99.6918 -126.1674
163.4434 115.6502 -96.8718
144.2907 94.47625 -136.4551
167.5063 85.66824 -107.5395
154.4705 93.69176 -129.2711
161.8931 105.889 -113.7533
157.1528 110.9056 -115.8245
149.0275 80.00568 -131.9748
163.9104 99.48609 -115.4686
161.9649 93.53539 -118.539
162.7988 110.8296 -105.3248
169.5404 99.37894 -103.3848
169.0281 93.14529 -107.471
157.6212 93.7779 -124.1673
168.9312 104.0732 -101.4686
140.5021 86.70055 -140.2148
161.3036 73.30412 -111.5293
156.8366 79.8497 -122.3753
150.9351 87.61898 -132.7431
162.9437 79.64977 -113.0581
150.3149 106.333 -128.5163
152.3888 99.89175 -130.2779
164.6663 85.7655 -112.9984
158.9689 105.903 -118.863
157.2264 86.0591 -124.116
150.1262 93.87576 -133.3637
152.8221 111.1209 -121.376
160.8391 101.044 -120.5092
171.2618 86.87609 -103.0783
164.9338 104.4753 -107.2241
120.9493 74.65886 -92.95066
167.0492 97.98546 -108.9324
