8.027418404848412 2.8403931231444766 5.416041116212175
1.7054457751708396 5.742278429417914 7.286508598779995
1.1453217865322973 9.169656958750686 5.389466926677136
8.991088437384393 1.3442350625688326 2.8496016815881897
1.364838319785866 0.21227333525807968 9.641920292930802
9.170571976201522 4.163568503939905 2.389016407203263
6.674452728086907 8.999895686888541 8.320247611319637
8.424114461515494 2.2614270745205376 9.193243389909822
5.277749015641378 2.2250318613481666 4.132881475728575
7.975271965003982 9.66359903368832 9.36533899010354
8.877800706442953 2.0954595143720423 6.055631841373392
2.809868591067298 5.250823615212193 1.895646221319477
2.573707814584597 4.541201332636692 0.8016678802375576
2.332223589272452 7.7903644363894635 3.83614597670587
4.235371871859545 4.0907745739694015 1.7306357510720982
3.9637977845494623 7.132989097456669 5.86235907599748
2.180861988431635 8.633591043607408 5.149742308274982
1.8980617450580495 6.512003690957913 2.7204677962689594
7.195514886734643 6.840658377052728 0.33986999329549183
6.588667489912746 2.4035102586729673 9.110612331565575
8.565619657112627 6.775649772734626 5.154517246267113
0.08703031737887446 0.04742060002891679 0.3482391269265983
2.531706411040726 4.762786317838844 8.838014282557051
6.2972469797119315 5.542132179656393 0.06753387193769278
5.699293038029563 5.3862639869412305 5.5834537252136
7.219390150263303 8.444978700617758 9.419360234222834
1.6087755818211524 3.0642256945945325 0.5602651382962087
2.641448654068305 5.346813469632929 3.480075491441308
5.1414075293206665 5.6966282350560284 3.779838194391699
0.6449419114042865 0.8023547224799499 3.717635786586829
7.620761368836498 3.2105302077371887 7.563561510247823
2.9414140636903485 7.377426854488599 0.8672616488731422
8.823180162019181 1.1597501174338642 3.260909057339174
1.0589931240228923 1.2346641205241538 1.793890867527993
3.9187170382076086 9.455105957083806 4.26709481079423
7.941877590488579 9.081916830026488 0.3018637040200911
0.39112001709760924 9.137461603619185 6.895992013106687
8.630906450721891 2.632342761547559 1.9871413161158669
2.695544370495094 3.6775554333971296 0.28907012394554177
